0.000000000000000000e+00,9.800000000000000000e+01,2.240000000000000000e+02,4.560000000000000000e+02,2.100000000000000000e+02,3.120000000000000000e+02,2.690000000000000000e+02,3.310000000000000000e+02
9.800000000000000000e+01,0.000000000000000000e+00,3.220000000000000000e+02,5.540000000000000000e+02,3.080000000000000000e+02,4.100000000000000000e+02,3.670000000000000000e+02,4.290000000000000000e+02
2.240000000000000000e+02,3.220000000000000000e+02,0.000000000000000000e+00,2.320000000000000000e+02,4.340000000000000000e+02,5.360000000000000000e+02,4.930000000000000000e+02,5.550000000000000000e+02
4.560000000000000000e+02,5.540000000000000000e+02,2.320000000000000000e+02,0.000000000000000000e+00,6.660000000000000000e+02,7.680000000000000000e+02,7.250000000000000000e+02,7.870000000000000000e+02
2.100000000000000000e+02,3.080000000000000000e+02,4.340000000000000000e+02,6.660000000000000000e+02,0.000000000000000000e+00,1.020000000000000000e+02,5.900000000000000000e+01,1.210000000000000000e+02
3.120000000000000000e+02,4.100000000000000000e+02,5.360000000000000000e+02,7.680000000000000000e+02,1.020000000000000000e+02,0.000000000000000000e+00,1.610000000000000000e+02,2.230000000000000000e+02
2.690000000000000000e+02,3.670000000000000000e+02,4.930000000000000000e+02,7.250000000000000000e+02,5.900000000000000000e+01,1.610000000000000000e+02,0.000000000000000000e+00,6.200000000000000000e+01
3.310000000000000000e+02,4.290000000000000000e+02,5.550000000000000000e+02,7.870000000000000000e+02,1.210000000000000000e+02,2.230000000000000000e+02,6.200000000000000000e+01,0.000000000000000000e+00
